[gd_scene load_steps=7 format=3 uid="uid://cy6mjn3npf5kf"]

[ext_resource type="Material" uid="uid://bb14d7hww5dpa" path="res://assets/water.tres" id="1_mxes1"]
[ext_resource type="PackedScene" uid="uid://d1jn36gdfxiey" path="res://assets/models/cactus_verde.glb" id="3_rdk38"]
[ext_resource type="PackedScene" uid="uid://cflmfpepgxb2l" path="res://assets/models/coconut_palm.glb" id="4_8a2kb"]
[ext_resource type="PackedScene" uid="uid://u7veu7pvv8bn" path="res://assets/models/camel (1).glb" id="4_lkfck"]

[sub_resource type="CylinderShape3D" id="CylinderShape3D_puvld"]
height = 6.05204
radius = 6.42306

[sub_resource type="CylinderMesh" id="CylinderMesh_n7wei"]
top_radius = 0.0
bottom_radius = 3.0
height = 0.01

[node name="Node3D" type="Node3D"]

[node name="Water" type="Area3D" parent="."]

[node name="CollisionShape3D2" type="CollisionShape3D" parent="Water"]
transform = Transform3D(1, 0, 0, 0, 1, 0, 0, 0, 1, 0, 2.8808, 0)
shape = SubResource("CylinderShape3D_puvld")

[node name="CSGMesh3D" type="CSGMesh3D" parent="Water"]
mesh = SubResource("CylinderMesh_n7wei")
material = ExtResource("1_mxes1")

[node name="Sketchfab_Scene2" parent="." instance=ExtResource("3_rdk38")]
transform = Transform3D(1, 0, 0, 0, 1, 0, 0, 0, 1, 2.432, 0.9, -2.634)

[node name="Sketchfab_Scene3" parent="." instance=ExtResource("3_rdk38")]
transform = Transform3D(-0.973738, 0, -0.227671, 0, 1, 0, 0.227671, 0, -0.973738, 1.543, 0.9, 3.273)

[node name="Sketchfab_Scene4" parent="." instance=ExtResource("4_8a2kb")]
transform = Transform3D(0.986672, 0, 0.162723, 0, 1, 0, -0.162723, 0, 0.986672, 0.740053, 0, 3.41294)

[node name="Sketchfab_Scene5" parent="." instance=ExtResource("4_8a2kb")]
transform = Transform3D(0.644551, 0, 0.764562, 0, 1, 0, -0.764562, 0, 0.644551, 0.790466, -2.38419e-07, -3.33864)

[node name="Sketchfab_Scene6" parent="." instance=ExtResource("4_8a2kb")]
transform = Transform3D(0.829106, 0, -0.559092, 0, 1, 0, 0.559092, 0, 0.829106, -3.34089, -2.38419e-07, 0.587079)

[node name="Sketchfab_Scene" parent="." instance=ExtResource("4_lkfck")]
transform = Transform3D(0.3273, 0, 0.94492, 0, 1, 0, -0.94492, 0, 0.3273, 4.06219, 0, 0.496228)
